1
0

0.5 0.5 0.5 0.5 0.5 0.5 0.5 0.5 0.5

43

-4 0     0

-1 0.4  -0.4
-1 0.4   0.4
-1 -0.4  -0.4
-1 -0.4   0.4

1 -0.4  -0.4
1 -0.4   0.4
1 0.4  -0.4
1 0.4   0.4

 4 0     0

-0.5  0.5 -6
 0.5  0.5 -6
 0.5 -0.5 -6
-0.5 -0.5 -6

-1   0.5  -6
 1   0.5  -6
 1  -0.5  -6
-1  -0.5  -6

-0.5   1  -6
 0.5   1  -6
 0.5  -1  -6
-0.5  -1  -6

-1   0.5  -6.5
 1   0.5  -6.5
 1  -0.5  -6.5
-1  -0.5  -6.5

-0.5   1  -6.5
 0.5   1  -6.5
 0.5  -1  -6.5
-0.5  -1  -6.5

0 0 0
0 0 1

 0.1  0.3 0
-0.1  0.3 0
  -1    0 0
-0.1 -0.3 0
 0.1 -0.3 0
   1    0 0

 0  0.1 30
-1    0 30
 0 -0.1 30
 1    0 30

   0    0 50


30 31 
34

 0  1 2 0
 0  0 2 3
 0  0 3 4
 0  0 4 1

 1  2 6 5
 2  3 7 6
 3  4 8 7
 4  1 5 8

 5  6 9 9
 6  7 9 9
 7  8 9 9
 8  5 9 9

10 11 7 1
11 12 5 7
12 13 3 5
13 10 1 3

14 15 16 17
18 19 20 21
22 23 24 25
26 27 28 29

14 15 23 22
15 16 24 23
16 17 25 24
17 14 22 25


32 33 38 38
33 34 39 38
34 35 40 39
35 36 40 40
36 37 41 40
37 32 38 41

38 39 42 42
39 40 42 42
40 41 42 42
41 38 42 42

25

amount of armours
for each
type (0 or 1)
material
amount of vertex
    vertex_coords
amount of flexes
    flex
size

