00000000000000000000000000000000000000000000000000000000000000000000000000000000000000000000000000000000000000000000000000000000000000000000000000000000000000000000000000000000000000000000000000000000
02222222222222222222222222222222222222222222222222222222222222222222222222222222222222222222222222222222222222222222222222222222222222222222222222222222222222222222222000000022222222222222222222222220
02222222222222222222222222222222222222222222222222222222222222222222222222222222222222222222222222222222222222222222222222222222222222222222222222222222222222222222222000000022222222222222222222222220
02222222222222222222222222222222222222222222222222222222222222222222222222222222222222222222222222222222222200000002222222222222000000022222222222222222222222222222222000000022222222222222222222222220
02222222222222222222222222222222222222222222222222222222222222222222222222222222222222222222222222222222222200000002222222222222000000022222222222222222222222222222222000100022222222222222222222222220
02222222222222222222222222222222222222222222222222222222222222222222222222222222222222222222222222222222222200000002222222222222000000022222222222222222222222222222222000000022222222222000000022222220
02222222222222222222222222222222222222222222222200000002222222222222222222222222222222222222222222222222222200010002222222222222000100022222222222222222222222222222222000000022222222222000000022222220
02222222222222222222222222222222222222222222222200000002222222222222222222222222222222222222222222222222222200000002222222222222000000022222222222222222222222222222222000000022222222222000000022222220
02222222222000000022222222222222222222222222222200000002222222222222222222222222222222222222222222222222222200000002222222222222000000022222222222222222222222222222222222022222222222222000100022222220
02222222222000000022222222222222222222222222222200010002222222222222222222222222222222222222222222222222222200000002222222222222000000022222222222222222222222222222222222022222222222222000000022222220
02222222222000000022222222220000000222222222222200000002222222222222222222222222220000000222222222222222222222202222222222222222222022222222222222222222222222222222222220222222222222222000000022222220
02222222222000100022222222220000000222222222222200000002222220000000222222222222220000000222222222222222222222202222222222222222222022222222222222222222222222222222222220222222222222222000000022222220
02222222222000000022222222220000000222222222222200000002222220000000222222222222220000000222222222222222222222202222222222222222222022222222222222222220000000222222222220222222222222222222202222222220
02222222222000000022222222220001000222222222222222022222222220000000222222222222220001000222222222222222222222202222222222222222222022222222222222222220000000222222222220222222222222222222202222222220
02222222222000000022222222220000000222222222222222022222222220001000222222222222220000000222222222222222222222202222222222222222222022222222222222222220000000222222222220222222222222222222220222222220
02222222222222222022222222220000000222222222222222022222222220000000022222222222220000000222222222222222222222202222222222222222222022222222222222222220001000222222222220222222222222222222220222222220
02222222222222222202222222220000000022222222222222022222222220000000200022222222220000000222222222222222222222202222222222222222222022222222222222222220000000222222222220222222222222222222220222222220
02222222222222222220222222222222222202222222222222022222222220000000222200022222222222220222222222222222222222202222222222222222222022222222222222222220000000222222222220222222222222222222220222222220
02222222222222222220222222222222222220222222222222022222222222222222222222200022222222222022222222222222222222022222222222222222222022222222222222222220000000022222222220222222222222222222222022222220
02222222222222222222022222222222222222022222222222022222222222222222222222222200022222222202222222222222222222022222222222222222222022222222222222222222222222200222222220222222222222222222222022222220
02222222222222222222202222222222222222202222222220222222222222222222222222222222200022222220222222222222222222022222222222222222222022222222222222222222222222222022222202222222222222222222222022222220
02222222222222222222220222222222222222220222222220222222222222222222222222222222222200002220222222222222222222022222222222222222222022222222222222222222222222222200222202222222222222222222222022222220
02222222222222222222220222222222222222222022222220222222222222222222222222222222222222220002022222222222222222022222222222222222222022222222222222222222222222222222000000002222222222222222222202222220
02222222222222222222222022222222222222222200000000222222222222222222000000022222222222222220012222222222222222022222222222222222222022222222222222222222222222222222200000002222222222222222222202222220
02222222222222222222222202222200000002222220000000222222222222222222000000022222222222222222221002222222222222022222222222222222222022222222222222222222222222222222200000002222222222222222222202222220
02222222222222222222222220222200000002222220000000222222222222222222000000022222222222222222222020002222222222022222222222222222222022222222222222222222222222222222200010002222222222222222222202222220
02222222222222222222222220222200000002222220001000222222222222222222000100022222222222222222222022220002222000000022222222222222222022222222222200000002222222222222200000002222222222222222222220222220
02222222222222222222222222022200010002222000000000222222222222222222000000022222222222222222222202222220002000000022222222222220000000222222222200000002222222222222200000002222222222222222222220222220
02222222222222222222222222202200000000000220000000222222222222222222000000002222222222220000000220222222220000000022222222222220000000222222222200000002222222222222200000002222222222222222222000000020
02222222222222222222222222220200000002222220000000222222222222222222000000020022222222220000000222022222222000100022222222222220000000222222222200010002222222222222222222202222222222222222222000000020
02222222222222222222222222220200000002222222222202022222222222222222222222222200222222220000000222202222222000000022222222222220001000222222222200000002222222222222222222220222222222222222222000000020
02222222222222222222222222000122222022222222222202200222222222222222222222222222002222220001000222202222222000000022222222222220000000222222222200000002222222222222222222220222222222222222222000100020
02222222200000002222220000222202222022222222222202222022222222222222222222222222220022220000000222220222222000000022222222222220000000002222222200000002222222222222222222222022222222222222222000000020
02222222200000002200002222222220222202222222222202222202222222222222222222222222222200220000000222222022222222220222222222222220000000220022222222222220022222222222222222222202222222222222222000000020
02222222200000000022222222222220222202222222222202222220222222222222222222222222222222020000000222222202222222222022222222222222222202222200022222222222202222222222222222222220222222222222222000000020
02222222200010002222222222222222022220222222222022222222022222222222222222222222222222200222202222222220222222222022222222222222222202222222200222222222220222222222222222222220222222222222222222222220
02222222200000002222222222222222202220222222222022222222202222222222222222222222222222222002202222222222022222222202222222222222222202222222222002222222222022222222222222222222022222222222222222222220
02222222200000002222222222222222220222022222222022222222220222222222222222222222222222222220020222222222022222222202222222222222222202222222222220022222222202222222222222222222202222222222222222222220
02222222200000002222222222222222220222022222222022222222222022222222222222222222222222222222201222222222202222222220222222222222222202222222222222200022222220222222222222222222220222222222222222222220
02222222222222222222222222222222222022202222222022222222222202222222222222222222222222222222222102222222220222222222022222222222222202222222222222222200222222022222222222222222220222222222222222222220
02222222222222222222222222222222222202202222222022222222222220222222222222222222222222222222222020022222222022222222022222222222222202222222222222222222002222202222222222222222222022222222222222222220
02222222222222222222222222222222222220220222222022222222222222002222222222222222222222222222222202202222222202222222202222222222222202222222222222222222220022220222222222222222222202222222222222222220
02222222222222222222222222222222222220220222220222222222222222220222222222222222222222222222222202220022222202222222202222222222222202222222222222222222222200022002222222222222222220222222222222222220
02222222222222222222222222222222222222022022220222222222222222222022200000002222222222222222222220222200222220222222220222222222222202222222222222222222222222200220000000222222222220222222222222222220
02222222222222222222222222222222222222202022220222222222222222222202200000002222222222222222222220222222002222022222220222222222222202222222222222222222222222222000000000222222222222022222222222222220
02222222222222222222222222222222222222220202220222222222222222222220200000002222222222222222222222022222220022202222222022222222222202222222222222222222222222222220000000222222222222000000022222222220
02222222222222222222222222222222222222220202220222222222222222222222000010002222222222222222222222022222222200200000002202222222222202222222222222222222222222222220001000222222222222000000022222222220
02222222222222222222222222222222222222222020220222222222222222222222200000002222222222222222222222202222222222000000002202222222222202222222222222222222222222222220000000222222222222000000022222222220
02222222222222222222222222222222222222222200220222222222222222222222200000000222222222222222222222202222222222200000002220222222200000002222222222222222222222222000000000222222222222000100022222222220
02222222222222222222222222222222222222222200000002222222222222222222200000002002222222222222222222220222222222200010002220222222200000002222222222222200000002200220000000222222222222000000022222222220
02222222220000000222222222222222000000022200000002222222222222222222222200222220022222222222222222220222222222200000002222022222200000002222222222222200000000022222222220222222222222000000022222222220
02222222220000000222222222222222000000022200000002222222222222222222222222022222200222222222222222222022222222200000002222022222200010002222222222222200000002222222222220222222222222000000022222222220
02222222220000000222222222222222000000022200010002222222222222222222222222202222222002200000002222222022222222200000002222202222200000002222222222222200010002222222222222022222222222222022222222222220
02222222220001000222222222222222000100022200000002222222222222222222222222220222222220000000002222222202222222222220222222202222200000002222222222222200000002222222222222202222222222222022222222222220
02222222220000000222222222222222000000022200000002222222222222222222222222222022222222200000002222222202222222222220222222220222200000002222222222222200000002222222222222202222222222222022222222222220
02222222220000000222222222222222000000022200000000222222222222222222222222222202222222200010002222222220222222222220222222222022222222220222222222222200000002222222222222220222222222222022222222222220
02222222220000000222222222222222000000022222222222002222222222222222222222222220222222200000002222222220222222222222022222222022222222220222222222222222222222222222222222222022222222222022222222222220
02222222222222220222222222222222222222022222222222220222222222222222222222222222022222200000000222222222022222222222022222222202222222222022222222222222222222222222222222222022222222222022222222222220
02222222222222222022222222222222222222202222222222222022222222222222222222222222202222200000002002222222022222222222022222222202222222222202222222222222222222222222222222222202222222222202222222222220
02222222222222222022222222222222222222202222222222222200222222222222222222222222220222222202222220022222202222222222022222222220222222222220222222222222222222222222222222222220222222222202222222222220
02222222222222222202222222222222222222220222222222222222022222222222222222222222222002222202222222200222202222222222202222222220222222222222022222222222222222222222222222222220222222222202222222222220
02222222222222222220222222222222222222222022222222222222202222222222222222222222222220222022222222222002000000022222202222222222022222222222202222222222222222222222222222222222022222222202222222222220
02222222222222222222022222222222222222222202222222222222220022222222222222222222222222000000022222222220000000022222202222222222202222222222220222222222222222222222222222222222202222222202222222222220
02222222222222222222022222222222222222222202222222222222222202222222222222222222222222000000022222222222000000022222202222222222202222222222222000000002222222222222222220000000202222222202222222222220
02222222222222222222202222222222222222222220222222222222222220222222222222222222222222000000022222222222000100022222202222222222220222222222222000000002222222222222222220000000220222200000002222222220
02222222222222222222220222222222222222222222022222222222222222002222222222222222222222000100022222222222000000022222220222222222220222222222222200000002222222222222222220000000222022200000002222222220
02222222222222222222222022222222222222222222202222222222222222220222222222222222222222000000022222222222000000022222220222222222222022222222222200010002222222222222222220001000222022200000002222222220
02222222222222222222222022222222222222222222202222222222222222222022222222222222222222000000022222222222000000022222220222222222220000000222222200000002222222222222222220000000222202200010002222222220
02222222222222222222222202222222222222222222220222222222222222222200222222222222222222000000002222222222222220222222220222222222220000000222222200000002222222222222222220000000222202200000002222222220
02222222222222222222222200000002222222222222220000000222222222222222022222222222222222222222220222222222222222022222222022222222220000000222222200000002222222222222222220000000222220200000002222222220
02222222220000000222222200000002222222222222220000000222222222222222200222222222222222222222222002222222222222202222222022222222220001000222222222222002222222222222222222222222022222000000002222222220
02222222220000000222222200000002222222222222220000000222222222222222220000000222222222222222222220222222222222202222222022222222220000000222222222222200222222222222222222222222202222022222022222222220
02222222220000000222222200010002222222222222220001000222222222222222220000000222222222222222222222022222222222220222222022222222220000000222222222222220022222222222222222222222220222202222022222222220
02222222220001000222222200000002222222222222220000000222222222222222220000000222222222222222222222200222222222220222222202222222220000000222222222222220202222222222222222222222222022220222022222222220
02222222220000000222222200000002222222222222220000000222222222222222220001000222222222222222222222222022222222222022222202222222222220222222222222222222020222222222222222222222222202220222202222222220
02222222220000000222222200000002222222222222220000000222222222222222220000000222222222222222222222222202222222222202222202222222222220222222222222222222200222222222222222222222222220222022202222222220
02222222220000000222222222222202222222222222222222202222222222222222220000000002222222222222222222222220222222222202222202222222222220222222222222222222220022222222222222222222222222022202220222222220
02222222222222220222222222222220222222222222222222202222222222222222220000000220222222222222222222222222002222222220222220222222222220222222222222222222222002222222222222222222222222202202220222222220
02222222222222220222222222222222022222222222222222220222222222222222222222022222022222222222222222222222220222222220222220222222222220222222222222222222222200222222222222222222222222202220220222222220
02222222222222222022222222222222202222222222222222220222222222222222222222022222200222222222222222222222222022222222022220222222222220222222222222222222222220022222222222222222222222220222022022222220
02222222222222222022222222222222220222222222222222222022222222222222222222022222222022222222222222222222222200222222202220222222222220222222222222222222222222122222222222222222222222222022022022222220
02222222222222222202222000000022222022222222222222222022222222222222222222022222222202222222222222222000000022022222202220222222222220222222222222222222222222212222222222222222222222222202202022222220
02222222222222222220222000000022222022222222222222222202222222222222222222022222222220022222222222222000000022202222220222022222222220222222222222222222222222200222222222222222222222222220220202222220
02222222222222222220222000000022222202222222222222222202222222222222222222022222222222200000000222222000000022220222222022022222222220222222222222222222222222220022222222222222222222222222020202222220
02222222222222222222022000100022222220222222222222222220222222222222222200000002222222220000000222222000100022222002222022022222222220222222222222222222222222222002222222222222222222222222202020222220
02222222222222222222202000000022222222022222222222222220222222222222222200000002222222220000000222222000000022222220222202022222222220222222222222222222222222222200222222222222222222222222220200222220
02222222222222222222202000000002222222202222222222222220222222222222222200000002222222220001000222222000000022222222022202202222222220222222222222222222222222222221222222222222222222222222222000222220
02222222222222222222220000000020222222220222222222222222022222222222222200010002222222220000000222222000000022222222200220202222222220222222222222222222222222222222122222222222222222222222222200000000
00000000222222222222222022222222002222222022222222222222022222222222222200000002222222220000000002222222202222222222222022002222222202222222222220000000222222222222212222222222222222222222222200000000
00000000222222222222222022222222220222222000000022222222202222222222222200000002222222220000000220022222220222222222222200000000222202222222222220000000222222222222221222222222222222222222222200000000
00000000222222222222222202222222222002222000000022222222202222222222222200000002222222222222222222200222220222222222222220000000222202222222222220000000222222222222220022222222222222222222222200010000
00001000000000000000000012222222222220022000000022222222220222222222222222202222222222222222222222222002220222222222222220000000222202222000000000001000222222222222222000000022222222222200000000000000
00000000222222222222222221000000000000010000100022222222220222222222222222202222222222222222222222222220002022222222222220001000000010000222222220000000222222222222222000000022222200000022222200000000
00000000222222222222222222022222222222220000000022222222222022222222222222202222222222222222222222222222220122222222222220000000222202222222222220000000222222222222222000000000000022222222222200000000
00000000222222222222222222022222222222222000000022222222222022222222222222202222222222222222222222222222222000222222222220000000222202222222222220000000222222222222222000100022222222222222222222202220
02222222222222222222222222202222222222222000000002222222222202222222222222202222222222222222222222222222222202002222222220000000222202222222222222222220222222222222222000000022222222222222222222202220
02222222222222222222222222220222222222222222200220222222222202222222222222202222222222222222222222222222222202220022222222222222222202222222222222222220222222222222222000000022222222222222222222202220
02222222222222222222222222220222222222222222222022022222222202222222222222202222222222222222222222222222222202222200222222222222222202222222222222222222022222222222222000000022222222222222222222202220
02222222222222222222222222222022222222222222222200202222222220222222222222202222222222222222222222222222222220222222002222222222222202222222222222222222022222222222222222222222222222222222222222022220
02222222222222222222222222222202222222222222222222020222222220222222222222202222222222222222222222222222222220222222220002222222222202222222222222222222202222222222222222222222222222222222222222022220
02222222222222222222222222222202222222222222222222200022222222022222222222202222222222222222222222222222222220222222222220022222222202222222222222222222220222222222222222222222222222222222222222022220
02222222222222222222222222222220222222222222222222222012222222022222222222202222222222222222222222222222222222022222222222200222222202222222222222222222220222222222222222222222222222222222222222022220
02222222222222222222222222222220222222222222222222222221022222202222222222202222222222222222222222222222222222022222222222222002200000002222222222222222222022222222222222222222222222222222222222022220
02222222222222222222222222222220000000222222222222222222012222202222222222202222222222222222222222222222222222022222222222222220000000002222220000000222222202222222222222222222222222222222222222022220
02222222222000000022222222222220000000222222222222222222221222220222222222202222222222222222222222222222222222202222222222222222200000002222220000000222222202222222222222222222222222222222222222022220
02222222222000000022222222222220000000222222222222222222222102220222222222202222222222222222222222222222222220000000222222222222200010002222220000000222222220222222222222222222222222222222222200000000
02222222222000000022222222222220001000222222222222222222222200000000002222202222222222222222222222222222222220000000222222222222200000002222220001000222222220222222222222222222222222222222222200000000
02222222222000100022222222222220000000222222222222222222222220200000002222202222222222222222222222222222222220000000222222222222200000002222220000000222222222022222222222222222222222222222222200000000
02222222222000000000002222222220000000222222222222222222222222000000002222202222222222222222222222222222222220001000222222222222200000002222220000000222222222202222222222222222222222222222222200010000
02222222222000000022220000022220000000222222222222222222222222200010002222202222222222222222222222222222222220000000222222222222222222202222220000000022222222202222222222222222222222222222000000000000
02222222222000000022222222200000220222222222222222222222222222200000002222202222200000002222222222222222222220000000222222222222222222202222222222222202222222220222220000000222222222200000222200000000
02222222222222222222222222222222010022222222222222222222222222200000002222202222200000002222222222222222222220000000222222222222222222220222222222222220022222222022220000000222200000022222222200000000
02222222222222222222222222222222202200000222222222000000022222200000002222202222200000002222222222222222222222222220222222222222222222222022222222222222202222222022220000000000022222222222222222022220
02222222222222222222222222222222202222222000002222000000022222222222002222202222200010002222222222222222222222222220222222222222222222222022222222222222220222222202220001000222222222222222222220222220
02222222222222222222222222222222202222222222220000000000022222222222200222202222200000000222222222222222222222222222022222222222222222222202222222222222222022222202220000000222222222222222222220222220
02222222222222222222222222222222202222222222222222000100022222222222221222202222200000002000222222222222222222222222022222222222222222222220222222222222222200222220220000000222222222222222222220222220
02222222222222222222222222222222202222222222222222000000022222222222222102202222200000002222000222222222222222222222202222222222222222222220222222222222222222022222020000000222222222222222222220222220
02222222222222222222222222222222202222222222222222000000000222222222222200202222222222222222222000222222222222222222220222222222222222222222022222222222222222202222022222222222222222222222222220222220
02222222222222222222222222222222202222222222222222000000022002222222222220002222222222222222222222000222222222222222220222222222222222222222202222222222222222220022202222222222222222222222222220222220
02222222222222222222222222222222202222222222222222222222222220022222222220212222222222222222222222222000222222222222222022222222222222222222220222222222222222222202220222222222222222222222222220222220
02222222222222222222222222222222022222222222222222222222222222200222222222000222222222222222222222222222000222222222222202222222222222222222220222222222222222222220220222222222222222222222222220222220
02222222222222222222222222222222022222222222222222222222222222222002222222212022222222222222222222222222222000022222222202222222222222222222222022222222222222222222022022222222222222222222222220222220
02222222222222222222222222222222022222222222222222222222222222222220022222200202222222222222222222222222222222200022222220222222222222222222222202222222222222222222200022222222222222222222222220222220
02222222222222222222222222222222022222222222222222222222222222222222200222200220022222222222222222222222222222222200022222022222222222222222222202222222222222222222222002222222222222222222222220222220
02222222222222222222220000000222022222222222222222222222222222222222222000202022202222222222222222222222200000002222200022022222222222222222222220222222222222222222222200222222222222222222222220222220
02222222220000000222220000000222022222222222222222222222222222222222222222012202220222222222222222222222200000002222222200002222222222222222222222022222222222222222222221022222222222222222222220222220
02222222220000000222220000000222022222222222222222222222222222222222222222200020222022222222222222222222200000002222222222210022220000000222222222022222222222222222222222002222222222222222222220222220
02222222220000000222220001000222022222222222222222222222222222222222222222202201222202222222222222222222200010000002222222220200020000000222222222000000022222222222222222200222222222222222222220222220
02222222220001000222220000000000122222222222222222222222222222222222222222202222102220222222222222222222000000002220000000000100000000000222222222000000022222222222222222202022222222222222222202222220
02222222220000000222220000000222000000222222222222222222222222222222222222202222200022022222222222222000200000002222222222222022200001000000000222000000022222222222222222220200222222222222222202222220
02222222220000000222220000000220222222000002222222220000000222222222222200000002220200200000000222200222200000002222222222222202220000000222222000000100022222222222222222220222022222222222222202222220
02222222220000000222222222222220222222222220000022220000000222222222222200000002220222000000000200022222222222222222222222222220220000000222222222000000022222222222222222220000000222222222222202222220
02222222222220222222222222222220222222222222222200000000000222222222222200000002222022220000000022222222222222222222222222222220220000000222222222000000022222222222222222220000000222222222200000002220
02222222222202222222222222222220222222222222222222220001000222222222222200010002222202220001000222222222222222222222222222222222022222220222222222000000022222222222222222220000000002222222200000002220
02222222222202222222222222222220222222222222222222220000000022222222222200000002222220220000000222222222222222222222222222222222202222222022222222222222200222222222222222220001000001002222200000002220
02222222222202222222222222222220222222222222222222220000000200222222222200000002222220220000000222222222222222222222222222222222202222222022222222222222222022222222222222220000000222020000000010002220
02222222222202222222222222222220222222222222222222220000000222000222222200000002222222020000000222222222222222222222222222222222220222222202222222222222222202222222222222220000000222200222200000002220
02222222222202222222222222222220222222222222222222222222222222222000222202222222222222202222222222222222222222222222222222222222222022222220222222222222222220222222222222220000000222222022200000002220
02222222222202222222222222222220222222222222222222222222222222222222002202222222222222220222222222222222222222222222222222222222222022222220222222222222222222022222222222222222222222222202200000002220
02222222222202222222222222222202222222222222222222222222222222222222220102222222222222220222222222222222222222222222222222222222222202222222022222222222222222202222222222222222222222222220222202222220
02222222222202222222222222222202222222222222222222222222222222222222220220002222222222222022222222222222222222222222222222222222222202222222202222222222222222220222222222222222222222222222002022222220
02222222222202222222222222222202222222222222222222222222222222222222220222220022222222222202222222222222222222222222222222222222222200000002202222222222222222222022222222222222222222222222220022222220
02222222222202222222222222222202222222222222222222222222222222222222202222222200022222222220222222222222222222222222222222222222222200000002220222222222222222222200222222222222222222222222222100000000
02222222222022222222222222222202222222222222222222222222222222222222202222222222200022222220222222222222222222222222222222222222222200000002220000000222222222222222000000022222222222222222222000000000
02222222222022222222222222222202222222222222222222220000000222222222022222222222222200222222022222222222222222222222222222222222222200010002220000000222222222222222000000022222222222222222222000000000
02220000000022222222222222222202222222222222222222220000000222222220222222222222222222000222000000022222222222000000022222222222222200000002220000000222222222222222000000022222222222222222222000010000
02220000000022222222222222222202222222222222222222220000000222222220222222222222222222222000000000022222222222000000022222222222222200000002220001000222222222222222000100022222222222222222222000000000
02220000000022222222222222222202222222222222222222220001000220000000222222222222222222222222000000022222222222000000022222222222222200000002220000000222222222222222000000022222222222222222222000000000
02220001000022222222222222222022222222222222222222220000000220000000222222222222222222222222000100000000000000000100022222222222222222222022220000000222222222222222000000022222222222222222220200000000
02220000000100002222222222000000022222222222222222220000000220000000222222222222222222222222000000022222222222000000022222222222222222222022220000000222222222222222000000022222222222222222220222222220
02220000000022220000022222000000022222222222222222220000000220001000222222222222222222222222000000022222222222000000022222222222222222222022222222220222222222222222222022222222222222222222220222222220
02220000000022222222200000000000022222222222222222222222220220000000222222222222222222222222000000022222222222000000022222222222222222222202222222220222222222222222222022222222222222222222220222222220
02222222220222222222222222000100022222222222222222222222222020000000222222222222222222222222222222222222222222222202222222222222222222222202222222222022222222222222222022222222222222222222220222222220
02222222220222222222222222000000022222222222222222222222222020000000002222222222222222222222222222222222222222222220222222222222222222222220222222222202222222222222222022222222222222222222220222222220
02222222220222222222222222000000022222222222222222222222222202222222220222222222222222222222222222222222222222222220222222222222222222222220222222222220222222222222220222222222222222222222220222222220
02222222220222222222222222000000022222222222222222222222222220222222222002222222222222222222222222222222222222222220222222222222222222222220222222222220222222222222220222222222222222222222220222222220
02222222220222222222222222222222202222222222222222222222222220222222222220222222222222222222222222222222222222222220222222222222222222222222022222222222022222222222220222222222222222222222202222222220
02222222220222222222222222222222220222222222222222222222222222022222222222002222222222222222222222222222222222222222022222222222222222222222022222222222202222222222220222222222222222222222202222222220
02222222220222222222222222222222222022222222222222222222222222202222222222220222222222222222222222222222222222222222022222222222222222222222202222222222202222222222220222222222222222222222202222222220
02222222220222222222222222222222222202222222222222222222222222220222222222222002222222222222222222222222222222222222022222222222222222222222202222222222220222222222220222222222222222222222202222222220
02222222220222222222222222222222222220222222222222222222222222220222222222222220222222222222222222222222222222222222202222222222222222222222202222222222222022222222220222222222222222222222202222222220
02222222202222222222222222222222222222022222222222222222222222222022222222222222002222222222222222222222222222200000002222222222222222222222220222222222222022222222220222222222222222222222202222222220
02222222202222222222222222222222222222022220000000222222222222222000000022222222220222222222222222222222222222200000002222222222222222222222220222222222222202222222220222222222222222222222202222222220
02222222202222222222222222222222222222202220000000222222222222222000000022222222222000000000222222222222222222200000000222222222222222222222222022222222222220222222220222222222222222222222202222222220
02222222202222222222222222222222222222220220000000222222222222222000000022222222222220000000222222222222222222200010000222222222222222222222222000000002222220222222220222222222222222222000000022222220
02222222202222222222222222222222222222222020001000222222222222222000100022222222222220000000222222222222222222200000000222222222222222222222222000000002222222022222220222222222222222222000000022222220
02222222202222222222222222222222222222222200000000222222222222222000000022222222222220001000222222222222222222200000000022222222222222222222222200000002222222202222220222222222222222222000000022222220
02222222202222222222222222222222222222222220000000002222222222222000000022222222222220000000222222222222222222200000002122222222222222222222222200010002222222202222220222222222222222222000100022222220
02222222202222222222222222222222222222222220000000220022222222222000000000222222222220000000222222222222222222222222222000222222222222222222222200000002222222220222202222222222222222220000000022222220
02222222202222222222222222222000000022222222202222222200222222222222222222022222222220000000222222222222222222222222222022002222222222222222222200000002222222222022202222222222222220002000000022222220
02222222202222222222222222222000000022222222220222222222002222222222222222200222222222222022222222222222222222222222222202220222222222222222222200000002222222222202202222222222220002222000000022222220
02222222022222222222222222222000000022222222222022222222220022222222222222222002222222222022222222222222222222222222222202222002222222222222222222020222222222222202202222222222002222222222222222222220
02222000000022222222222222222000100022222222222202222222222200022222222222222220222222222022222222222222222222222222222202222220200000002222222222020222222222222200000002222000222222222222222222222220
02222000000022222222222222222000000022222222222220222222222222200222222222222222002222222022222222222222222222222222222220222222000000002222222222202022222222222200000002000222222222222222222222222220
02222000000022222222222222222000000022222222222222022222222222222002222222222222220222222022222222222222222222222222222220222222200000002222222222202022222222222200000000222222222222222222222222222220
02222000100022222222222222222000000022222222222222202222222222222220022222222222222002222022222222222222222222222222222220222222200010002222222222220022222222222200010002222222222222222222222222222220
02222000000022222222222222222222222202222222222222220222222222222222200222222222222220222022222222222222222222222222222222022222200000000222222222220022222222222200000002222222222222222222222222222220
02222000000000222222222222222222222220222222222222222022222222222222222002222222222222002202222222222222222222222222222222022222200000002000222222220202222222222200000002222222222222222222222222222220
02222000000022000222222222222222222222022222222222222202222222222222222220022222222222220202222222222222222222222222222222022222200000002222000222222002222222222200000002222222222222222222222222222220
02222222222222222002222222222222222222202222222222222220222222222222222222200022222222222012222222222222222222222222222222202222222222222222222000222002222222222222222222222222222222222222222222222220
02222222222222222220022222222222222222220222222222222222022222222222222222222200222222222200222222222222222222222222222222202222222222222222222222000212222222222222222222222222222222222222222222222220
02222222222222222222200022222222222222222022222222222222022222222222222222222222002222222202002222222222222222222222222222202222222222222222222222222010222222222222222222222222222222222222220000000220
02222222222222222222222200222222222222222202222222222222202222222222222222222222220022222202220222222222222222222222222222202222222222222222222222222201002222222222222222222222222222222222220000000220
02222222222222222222222222002222222222222220222222222222220222222222222222222222222200220000000002222222222222222222222222220222222222222222222222222000000002222222222222222222222222222222220000000220
02222222222222222222222222220002222222222222022222222222222022222222222222222222222222000000000220022222222222222222222222000000022222222222222222222000000020002222000000022222222222222222200001000220
02222222222200000002222222222220022222222222202222222222222202222222222222222222222222220000000222202222222222222222222222000000022222222222222222222000000022220002000000022222222220000000020000000220
02222222222200000002222220000000200022222222220222222222222220222222222222222222222222220001000222220000000002222222222222000000022222222220000000000000100000002220000000020000000002222222220000000220
02222222222200000002222220000000222200222222222022222222222222000000022222222222220000000000000000022200000002222222222220000100000000000002222222222000000022220000000100002222222222222222220000000220
02222222222200010000002220000000222222002222222202222222222222000000022222200000002222220000000222200000000002200000000002000000022222222222222222222000000022222222000000022222222222222222222222222220
02222222222200000002220000001000222222220002222220222222222222000000000000022222222222220000000222222200010000022222222222000000022222222222222222222000000022222222000000022222222222222222222222222220
02222222222200000002222220000000000222222220022222022222222222000100022222222222222222222222222222222200000002222222222222000000022222222222222222222222222222222222000000022222222222222222222222222220
02222222222200000002222220000000222000002222200222202222222222000000022222222222222222222222222222222200000002222222222222222222222222222222222222222222222222222222222222222222222222222222222222222220
02222222222222222222222220000000222222220000222000220000000220000000022222222222222222222222222222222200000002222222222222222222222222222222222222222222222222222222222222222222222222222222222222222220
02222222222222222222222222222222222222222222000002000000000002000000022222222222222222222222222222222222222222222222222222222222222222222222222222222222222222222222222222222222222222222222222222222220
02222222222222222222222222222222222222222222222220000000000222222222222222222222222222222222222222222222222222222222222222222222222222222222222222222222222222222222222222222222222222222222222222222220
02222222222222222222222222222222222222222222222222220001000222222222222222222222222222222222222222222222222222222222222222222222222222222222222222222222222222222222222222222222222222222222222222222220
02222222222222222222222222222222222222222222222222220000000222222222222222222222222222222222222222222222222222222222222222222222222222222222222222222222222222222222222222222222222222222222222222222220
02222222222222222222222222222222222222222222222222220000000222222222222222222222222222222222222222222222222222222222222222222222222222222222222222222222222222222222222222222222222222222222222222222220
02222222222222222222222222222222222222222222222222220000000222222222222222222222222222222222222222222222222222222222222222222222222222222222222222222222222222222222222222222222222222222222222222222220
00000000000000000000000000000000000000000000000000000000000000000000000000000000000000000000000000000000000000000000000000000000000000000000000000000000000000000000000000000000000000000000000000000000
